--- PRIMAL SIMPLEX ALGORITHM ---

Iteration 0:
1.000     -2.000    -0.500    -3.000    -5.000    -2.000    -4.000    0.000     0.000     
0.000     11.000    8.000     6.000     14.000    10.000    10.000    1.000     35.000    

Iteration 1:
1.000     1.929     2.357     -0.857    0.000     1.571     -0.429    0.357     12.500    
0.000     0.786     0.571     0.429     1.000     0.714     0.714     0.071     2.500     

Iteration 2:
1.000     3.500     3.500     0.000     2.000     3.000     1.000     0.500     17.500    
0.000     1.833     1.333     1.000     2.333     1.667     1.667     0.167     5.833     

Optimal Solution Reached.
